# GIMP 'Curves' settings

(time 0)
(linear no)
(channel value)
(curve
    (curve-type smooth)
    (points 10 0 0 0.19620253164556958 0.13178294573643412 0.73734177215189867 0.54651162790697683 0.87974683544303789 0.68604651162790697 1 0.84496124031007747)
    (point-types 5 smooth smooth smooth smooth smooth)
    (n-samples 256)
    (samples 256 0 0.0024977250776363055 0.0049957769124366934 0.0074944822615652471 0.0099941678821860482 0.012495160531463179 0.014997786966560725 0.017502373944642765 0.02000924822287338 0.022518736558416654 0.025031165708436671 0.027546862430097525 0.030066153480563271 0.032589365616998017 0.035116825596565836 0.0376488601764308 0.040185796113757014 0.042727960165708553 0.045275679089449468 0.047829279642143896 0.050389088580955879 0.052955432663049515 0.055528638645588893 0.058109033285738076 0.060696943340661155 0.06329269556752222 0.06589661672348536 0.068509033565714625 0.071130272851374132 0.073760661337627945 0.076400525781640138 0.079050192940574818 0.081709989571596073 0.084380242431867966 0.087061278278554574 0.089753423868819959 0.092457005959828267 0.095172351308743533 0.09789978667272986 0.10063963880895133 0.10339223447457201 0.10615790042675599 0.10893696342266738 0.11172975021947015 0.11453658757432857 0.11735780224440659 0.12019372098686829 0.12304467055887779 0.12591097771759924 0.12879296922019662 0.13178294573643412 0.13468975297115338 0.13759692202670329 0.14050447670313856 0.14341244080051405 0.14632083811888452 0.1492296924583047 0.15213902761882947 0.15504886740051355 0.15795923560341177 0.1608701560275789 0.16378165247306969 0.16669374873993903 0.16960646862824158 0.17251983593803216 0.17543387446936565 0.17834860802229677 0.18126406039688031 0.18418025539317101 0.18709721681122377 0.19001496845109325 0.19293353411283429 0.19585293759650171 0.19877320270215026 0.20169435322983473 0.20461641297960992 0.2075394057515306 0.21046335534565153 0.21338828556202757 0.21631422020071348 0.21924118306176393 0.22216919794523399 0.22509828865117809 0.22802847897965134 0.23095979273070824 0.23389225370440386 0.23682588570079272 0.23976071251992984 0.24269675796186985 0.24563404582666759 0.2485725999143778 0.25151244402505535 0.25445360195875499 0.2573960975155315 0.26033995449543967 0.26328519669853423 0.26623184792487009 0.26917993197450196 0.2721294726474846 0.27508049374387289 0.27803301906372158 0.28098707240708531 0.28394267757401914 0.28689985836457749 0.28985863857881566 0.29281904201678788 0.29578109247854939 0.29874481376415463 0.30171022967365874 0.30467736400711609 0.30764624056458184 0.31061688314611058 0.31358931555175712 0.31656356158157628 0.31953964503562288 0.32251758971395156 0.32549741941661725 0.32847915794367477 0.33146282909517866 0.33444845667118406 0.33743606447174546 0.34042567629691783 0.34341731594675584 0.3464110072213144 0.34940677392064817 0.35240463984481196 0.35540462879386059 0.35840676456784887 0.36141107096683156 0.36441757179086343 0.36742629083999934 0.37043725191429389 0.37345047881380206 0.37646599533857855 0.37948382528867819 0.38250399246415578 0.3855265206650661 0.38855143369146378 0.39157875534340386 0.39460850942094089 0.3976407197241299 0.40067541005302554 0.4037126042076824 0.40675232598815569 0.40979459919449984 0.41283944762676988 0.41588689508502036 0.41893696536930636 0.42198968227968242 0.42504506961620336 0.42810315117892417 0.43116395076789926 0.43422749218318374 0.43729379922483241 0.44036289569289983 0.4434348053874409 0.44650955210851045 0.44958715965616319 0.45266765183045399 0.4557510524314376 0.45883738525916862 0.4619266741137022 0.46501894279509287 0.46811421510339551 0.47121251483866483 0.47431386580095564 0.4774182917903228 0.48052581660682114 0.48363646405050525 0.48675025792143006 0.48986722201965027 0.49298738014522081 0.49611075609819644 0.49923737367863164 0.50236725668658166 0.5055004289221009 0.50863691418524448 0.5117767362760669 0.51491991899462308 0.51806648614096773 0.52121646151515588 0.52436986891724191 0.52752673214728107 0.53068707500532786 0.53385092129143696 0.53701829480566343 0.54018921934806174 0.54336371871868716 0.54651162790697683 0.54971106584066964 0.55294948855494086 0.55622667199156728 0.55954239209232637 0.56289642479899538 0.56628854605335122 0.56971853179717125 0.5731861579722326 0.5766912005203122 0.58023343538318739 0.58381263850263554 0.58742858582043356 0.59108105327835869 0.59476981681818808 0.59849465238169874 0.60225533591066849 0.60605164334687356 0.60988335063209176 0.61375023370810011 0.61765206851667587 0.62158863099959594 0.62555969709863757 0.62956504275557812 0.63360444391219461 0.63767767651026419 0.64178451649156409 0.64592473979787146 0.65009812237096332 0.65430444015261713 0.65854346908460981 0.66281498510871872 0.66711876416672089 0.67145458220039356 0.67582221515151375 0.68022143896185894 0.68604651162790697 0.69053760398051245 0.69509744584494393 0.69972371965711566 0.70441410785294201 0.70916629286833777 0.71397795713921752 0.71884678310149597 0.72377045319108713 0.72874664984390602 0.73377305549586724 0.73884735258288536 0.74396722354087441 0.74913035080574941 0.75433441681342495 0.75957710399981559 0.76485609480083538 0.77016907165239956 0.77551371699042226 0.78088771325081829 0.7862887428695019 0.79171448828238788 0.79716263192539083 0.80263085623442521 0.80811684364540581 0.81361827659424657 0.81913283751686272 0.82465820884916841 0.83019207302707865 0.83573211248650725 0.84127600966336946 0.84496124031007747))
(channel red)
(curve
    (curve-type smooth)
    (points 8 0 0 0.509493670886076 0.42248062015503873 0.870253164556962 0.91085271317829453 1 1)
    (point-types 4 smooth smooth smooth smooth)
    (n-samples 256)
    (samples 256 0 0.0028255101416645918 0.0056511718328192614 0.0084771366229540856 0.011303556061559139 0.014130581698124502 0.016958365082140252 0.019787057763096472 0.022616811290483221 0.025447777213790591 0.028280107082508651 0.0311139524461275 0.033949464854137183 0.036786795856027801 0.039626097001289426 0.042467519839412125 0.045311215919885982 0.048157336792201071 0.051006034005847474 0.053857459110315267 0.056711763655094533 0.059569099189675338 0.062429617263547767 0.065293469426201886 0.068160807227127793 0.071031782215815562 0.073906545941755233 0.076785249954436946 0.079668045803350726 0.08255508503798667 0.085446519207834831 0.088342499862385321 0.091243178551128234 0.094148706823553571 0.097059236229151497 0.099974918317412009 0.10289590463782526 0.10582234673988131 0.10875439617307014 0.11169220448688195 0.11463592323080678 0.11758570395433469 0.12054169820695577 0.12350405753816009 0.12647293349743771 0.12944847763427875 0.13243084149817325 0.13542017663861131 0.13841663460508302 0.14142036694707838 0.14443152521408759 0.14745026095560063 0.1504767257211076 0.15351107106009862 0.15655344852206371 0.15960400965649296 0.16266290601287647 0.16573028914070428 0.16880631058946652 0.17189112190865322 0.17498487464775445 0.17808772035626033 0.18119981058366097 0.1843212968794464 0.18745233079310661 0.19059306387413183 0.19374364767201199 0.19690423373623733 0.20007497361629784 0.20325601886168357 0.20644752102188466 0.20964963164639114 0.21286250228469303 0.21608628448628056 0.21932112980064372 0.22256718977727261 0.22582461596565723 0.22909355991528776 0.23237417317565423 0.23566660729624669 0.23897101382655525 0.24228754431607011 0.24561635031428111 0.24895758337067847 0.25231139503475225 0.25567793685599244 0.25905736038388927 0.26244981716793281 0.26585545875761291 0.26927443670241991 0.27270690255184371 0.27615300785537444 0.27961290416250228 0.28308674302271725 0.28657467598550934 0.29007685460036875 0.29359343041678532 0.29712455498424944 0.30067037985225098 0.30423105657028021 0.30780673668782704 0.3113975717543816 0.31500371331943389 0.31862531293247404 0.32226252214299217 0.32591549250047835 0.32958437555442277 0.33326932285431521 0.3369704859496459 0.34068801638990498 0.34442206572458245 0.34817278550316849 0.35194032727515306 0.35572484259002624 0.35952648299727819 0.36334540004639893 0.36718174528687852 0.37103567026820711 0.37490732653987463 0.37879686565137138 0.38270443915218733 0.38663019859181247 0.39057429551973699 0.39453688148545091 0.39851810803844434 0.40251812672820741 0.40653708910423003 0.41057514671600237 0.41463245111301461 0.4187091538447566 0.42248062015503873 0.42661861400699463 0.43082265973938155 0.43509141329031864 0.43942353059792538 0.44381766760032088 0.44827248023562455 0.45278662444195594 0.45735875615743404 0.46198753132017856 0.46667160586830836 0.47140963573994321 0.47620027687320199 0.48104218520620429 0.48593401667706954 0.49087442722391683 0.49586207278486572 0.50089560929803534 0.50597369270154502 0.51109497893351419 0.51625812393206205 0.52146178363530826 0.52670461398137158 0.53198527090837167 0.53730241035442805 0.54265468825765983 0.54804076055618611 0.55345928318812643 0.55890891209160032 0.56438830320472677 0.56989611246562522 0.57543099581241508 0.5809916091832158 0.58657660851614613 0.59218464974932583 0.59781438882087445 0.60346448166891087 0.60913358423155461 0.6148203524469249 0.62052344225314138 0.62624150958832303 0.63197321039058896 0.63771720059805925 0.64347213614885257 0.64923667298108834 0.65500946703288621 0.66078917424236527 0.66657445054764486 0.6723639518868445 0.67815633419808319 0.68395025341948024 0.68974436548915541 0.69553732634522758 0.70132779192581629 0.70711441816904086 0.7128958610130206 0.71867077639587462 0.72443782025572268 0.73019564853068386 0.73594291715887727 0.74167828207842257 0.74740039922743884 0.75310792454404596 0.75879951396636247 0.76447382343250814 0.77012950888060228 0.77576522624876409 0.78137963147511302 0.78697138049776827 0.79253912925484926 0.79808153368447521 0.80359724972476532 0.80908493331383957 0.81454324038981651 0.81997082689081591 0.82536634875495685 0.83072846192035876 0.8360558223251412 0.84134708590742291 0.84660090860532378 0.85181594635696312 0.8569908551004598 0.86212429077393338 0.86721490931550349 0.8722613666632888 0.8772623187554095 0.88221642152998403 0.88712233092513215 0.8919787028789733 0.89678419332962678 0.90153745821521147 0.90623715347384726 0.91085271317829453 0.91538365096847674 0.91974551191398546 0.92394356559593427 0.92798308159543774 0.93186932949360979 0.93560757887156498 0.9392030993104169 0.94266116039128056 0.94598703169526965 0.94918598280349853 0.95226328329708143 0.95522420275713238 0.95807401076476573 0.96081797690109561 0.96346137074723659 0.9660094618843027 0.96846751989340729 0.97084081435566594 0.97313461485219188 0.97535419096410003 0.97750481227250396 0.97959174835851814 0.98162026880325692 0.9835956431878341 0.98552314109336447 0.98740803210096184 0.98925558579174033 0.99107107174681475 0.99285975954729855 0.9946269187743062 0.9963778190089525 0.99811772983235036 1))
(channel green)
(curve
    (curve-type smooth)
    (points 8 0 0 0.38291139240506328 0.12790697674418605 0.83544303797468356 0.75193798449612403 1 1)
    (point-types 4 smooth smooth smooth smooth)
    (n-samples 256)
    (samples 256 0 0.00020024813849445211 0.00040119471427876527 0.00060353816464280051 0.00080797692687641879 0.0010152094382694812 0.0012259341361118487 0.001440849457693382 0.0016606538403039427 0.0018860457212333918 0.0021177235377715896 0.0023563857272083984 0.0026027307268336785 0.0028574569739372897 0.0031212629058090949 0.003394846959738955 0.0036789075730167295 0.0039741431829322807 0.0042812522267754692 0.0046009331418361554 0.0049338843654042029 0.00528080433476947 0.0056423914872218177 0.0060193442600511085 0.0064123610905472035 0.0068221404159999636 0.0072493806736992471 0.0076947803009349176 0.0081590377349968352 0.0086428514131748659 0.0091469197727588637 0.0096719412510386897 0.010218614285304208 0.01078763731284528 0.011379708770951768 0.011995527096913528 0.012635790728020426 0.013301198101562318 0.013992447654829069 0.01471023782511054 0.015455267049696587 0.016228233765877082 0.017029836410941877 0.017860773422180832 0.018721743236883807 0.019613444292340673 0.020536575025841282 0.021491833874675501 0.022479919276133194 0.023501529667504205 0.024557363486078409 0.025648119169145667 0.026774495153995832 0.027937189877918777 0.029136901778204351 0.03037432929214242 0.031650170857022847 0.032965124910135493 0.034319889888770223 0.035715164230216881 0.037151646371765344 0.038630034750705471 0.040151027804327111 0.04171532396992015 0.04332362168477441 0.044976619386179799 0.046675015511426145 0.048419508497803312 0.050210796782601173 0.052049578803109578 0.053936552996618405 0.055872417800417511 0.057857871651796747 0.059893612988045963 0.061980340246455046 0.06411875186431383 0.066309546278912196 0.068553421927539993 0.070851077247487113 0.073203210676043351 0.075610520650498642 0.078073705608142807 0.080593463986265712 0.083170494222157221 0.085805494753107239 0.088499164016405535 0.091252200449342014 0.094065302489206554 0.096939168573288992 0.09987449713887922 0.10287198662326706 0.10593233546374241 0.1090562420975951 0.112244404962115 0.11549752249459197 0.1188162931323159 0.12220141531257665 0.12565358747266403 0.12790697674418605 0.13146782917472841 0.13509067063793309 0.13877471540813519 0.14251917775966963 0.1463232719668715 0.15018621230407589 0.15410721304561764 0.1580854884658319 0.16212025283905365 0.16621072043961796 0.17035610554185981 0.17455562242011424 0.17880848534871627 0.18311390860200091 0.18747110645430326 0.19187929317995822 0.19633768305330088 0.20084549034866628 0.20540192934038942 0.21000621430280528 0.21465755951024895 0.21935517923705544 0.22409828775755974 0.22888609934609691 0.23371782827700197 0.23859268882460993 0.24350989526325578 0.24846866186727462 0.25346820291100147 0.25850773266877125 0.26358646541491909 0.26870361542377996 0.27385839696968883 0.27905002432698089 0.28427771176999106 0.28954067357305435 0.29483812401050574 0.30016927735668042 0.30553334788591319 0.31092954987253918 0.31635709759089348 0.3218152053153111 0.32730308732012692 0.33281995787967605 0.33836503126829365 0.3439375217603145 0.34953664363007381 0.35516161115190648 0.3608116386001477 0.36648594024913234 0.37218373037319535 0.377904223246672 0.38364663314389713 0.38941017433920588 0.39519406110693311 0.40099750772141401 0.4068197284569835 0.41265993758797659 0.41851734938872842 0.42439117813357391 0.43028063809684808 0.43618494355288612 0.44210330877602283 0.44803494804059341 0.45397907562093276 0.45993490579137591 0.46590165282625795 0.47187853099991378 0.47786475458667854 0.48385953786088726 0.48986209509687495 0.49587164056897665 0.50188738855152726 0.50790855331886187 0.51393434914531555 0.51996399030522333 0.52599669107292035 0.53203166572274119 0.53806812852902131 0.54410529376609562 0.55014237570829905 0.55617858862996672 0.56221314680543355 0.56824526450903479 0.57427415601510512 0.58029903559797991 0.58631911753199395 0.59233361609148238 0.59834174555078012 0.6043427201842223 0.61033575426614384 0.61632006207087975 0.62229485787276528 0.62825935594613513 0.63421277056532455 0.64015431600466877 0.64608320653850226 0.6519986564411604 0.65789987998697796 0.66378609145029044 0.6696565051054324 0.67551033522673909 0.68134679608854543 0.68716510196518643 0.69296446713099724 0.69874410586031299 0.70450323242746826 0.71024106110679852 0.71595680617263857 0.72164968189932344 0.72731890256118814 0.73296368243256793 0.73858323578779739 0.74417677690121176 0.75193798449612403 0.75749319653004465 0.76307419394998455 0.76868034726104428 0.77431102696832355 0.77996560357692302 0.78564344759194293 0.79134392951848342 0.79706641986164506 0.80281028912652763 0.80857490781823171 0.81435964644185765 0.82016387550250536 0.82598696550527551 0.83182828695526823 0.83768721035758364 0.84356310621732256 0.84945534503958431 0.85536329732946992 0.8612863335920794 0.86722382433251288 0.87317514005587116 0.87913965126725402 0.88511672847176159 0.89110574217449479 0.89710606288055339 0.90311706109503775 0.90913810732304789 0.91516857206968483 0.92120782584004823 0.92725523913923835 0.93331018247235564 0.93937202634450057 0.94544014126077303 0.95151389772627359 0.95759266624610195 0.96367581732535912 0.96976272146914477 0.97585274918256004 0.98194527097070416 0.98803965733867816 0.9941352787915817 1))
(channel blue)
(curve
    (curve-type smooth)
    (points 10 0 0 0.75632911392405067 0.53875968992248069 0.939873417721519 0.77519379844961234 0.94620253164556967 0.93023255813953487 1 1)
    (point-types 5 smooth smooth smooth smooth smooth)
    (n-samples 256)
    (samples 256 0 0.0025729856171995426 0.0051460068007921763 0.0077190991171709944 0.010292298132729085 0.012865639413859544 0.015439158526955458 0.018012891038409928 0.020586872514616029 0.02316113852196687 0.025735724626855534 0.028310666395675109 0.030885999394818699 0.033461759190679376 0.036037981349650257 0.038614701438124406 0.041191955022494939 0.043769777669154929 0.046348204944497477 0.048927272414915665 0.051507015646802608 0.054087470206551379 0.056668671660555073 0.05925065557520677 0.061833457516899587 0.064417113052026589 0.067001657746980886 0.069587127168155571 0.072173556881943698 0.074760982454738431 0.077349439452932781 0.079938963442919897 0.082529589991092861 0.085121354663844725 0.087714293027568627 0.090308440648657631 0.092903833093504862 0.095500505928503385 0.098098494720046281 0.10069783503452664 0.1032985624383376 0.1059007124978722 0.10850432077952359 0.11110942284968479 0.11371605427474893 0.11632425062110911 0.1189340474551584 0.12154548034328991 0.12415858485189671 0.12677339654737191 0.12938995099610862 0.13200828376449988 0.13462843041893882 0.13725042652581851 0.13987430765153205 0.14250010936247257 0.14512786722503304 0.14775761680560673 0.15038939367058662 0.15302323338636575 0.15565917151933734 0.15829724363589442 0.1609374853024301 0.16357993208533742 0.16622461955100953 0.16887158326583951 0.17152085879622039 0.17417248170854535 0.17682648756920746 0.17948291194459981 0.18214179040111536 0.18480315850514739 0.18746705182308898 0.1901335059213331 0.19280255636627289 0.19547423872430147 0.19814858856181197 0.20082564144519735 0.2035054329408508 0.20618799861516543 0.20887337403453424 0.21156159476535033 0.21425269637400693 0.21694671442689709 0.21964368449041374 0.22234364213095006 0.22504662291489924 0.22775266240865427 0.23046179617860829 0.23317405979115427 0.23588948881268554 0.2386081188095949 0.24132998534827563 0.24405512399512083 0.24678357031652359 0.24951535987887691 0.25225052824857386 0.25498911099200766 0.25773114367557132 0.26047666186565799 0.26322570112866067 0.26597829703097259 0.26873448513898662 0.27149430101909611 0.27425778023769393 0.27702495836117336 0.27979587095592728 0.28257055358834904 0.28534904182483156 0.28813137123176791 0.29091757737555135 0.29370769582257478 0.29650176213923141 0.29929981189191424 0.30210188064701649 0.30490800397093104 0.30771821743005123 0.31053255659077 0.31335105701948046 0.31617375428257583 0.31900068394644893 0.32183188157749321 0.32466738274210138 0.32750722300666685 0.33035143793758254 0.33320006310124162 0.33605313406403708 0.3389106863923621 0.34177275565260973 0.34463937741117301 0.34751058723444522 0.35038642068881931 0.35326691334068833 0.35615210075644549 0.35904201850248385 0.36193670214519641 0.36483618725097644 0.36774050938621683 0.37064970411731074 0.37356380701065128 0.37648285363263156 0.37940687954964469 0.38233592032808367 0.38527001153434176 0.38820918873481181 0.39115348749588719 0.39410294338396074 0.39705759196542573 0.40001746880667505 0.40298260947410208 0.40595304953409961 0.4089288245530609 0.41190997009737906 0.41489652173344715 0.41788851502765822 0.42088598554640533 0.42388896885608174 0.42689750052308034 0.42991161611379436 0.43293135119461684 0.43595674133194084 0.43898782209215953 0.44202462904166595 0.44506719774685322 0.44811556377411432 0.45116976268984255 0.45422983006043077 0.45729580145227233 0.46036771243176006 0.46344559856528722 0.46652949541924682 0.46961943856003202 0.47271546355403582 0.47581760596765144 0.47892590136727187 0.48204038531929033 0.48516109339009966 0.48828806114609308 0.49142132415366374 0.49456091797920482 0.49770687818910925 0.50085924034977003 0.50401804002758044 0.50718331278893369 0.51035509420022218 0.51353341982784007 0.51671832523817962 0.51990984599763446 0.52310801767259707 0.52631287582946118 0.5295244560346194 0.53274279385446499 0.53596792485539124 0.53875968992248069 0.54200752931146223 0.54528436444652362 0.54859352749642065 0.5519383506299087 0.55532216601574358 0.55874830582268109 0.56222010221947682 0.56574088737488659 0.56931399345766565 0.57294275263657024 0.57663049708035574 0.58038055895777763 0.58419627043759204 0.58808096368855434 0.59203797087942023 0.59607062417894574 0.6001822557558858 0.60437619777899676 0.60865578241703433 0.61302434183875354 0.61748520821291086 0.62204171370826122 0.62669719049356087 0.63145497073756507 0.63631838660902995 0.64129077027671089 0.64637545390936346 0.6515757696757436 0.656895049744607 0.66233662628470913 0.66790383146480581 0.67359999745365262 0.67942845642000527 0.68539254053261944 0.69149558196025085 0.69774091287165518 0.70413186543558803 0.7106717718208051 0.71736396419606208 0.72421177473011478 0.73121853559171868 0.73838757894962981 0.74572223697260331 0.75322584182939523 0.76090172568876091 0.76875322071945651 0.77519379844961234 0.93023255813953487 0.9438731563007543 0.95557215930001682 0.96548222801594319 0.97375602332715516 0.98054620611227361 0.98600543724991963 0.9902863776187143 0.99354168809727883 0.99592402956423443 0.9975860628982024 0.99868044897780339 0.99935984868165928 0.99977692288839048 1))
(channel alpha)
(curve
    (curve-type smooth)
    (points 4 0 0 1 1)
    (point-types 2 smooth smooth)
    (n-samples 256)
    (samples 256 0 0.0039215686274509803 0.0078431372549019607 0.011764705882352941 0.015686274509803921 0.019607843137254898 0.023529411764705879 0.027450980392156862 0.031372549019607843 0.035294117647058823 0.039215686274509803 0.043137254901960784 0.047058823529411764 0.050980392156862737 0.054901960784313725 0.058823529411764705 0.062745098039215685 0.066666666666666666 0.070588235294117646 0.074509803921568626 0.078431372549019607 0.082352941176470573 0.086274509803921567 0.090196078431372548 0.094117647058823528 0.098039215686274508 0.10196078431372549 0.10588235294117647 0.10980392156862744 0.11372549019607843 0.11764705882352941 0.12156862745098039 0.12549019607843137 0.12941176470588234 0.13333333333333333 0.13725490196078433 0.14117647058823529 0.14509803921568626 0.14901960784313725 0.15294117647058825 0.15686274509803921 0.16078431372549018 0.16470588235294117 0.16862745098039214 0.17254901960784313 0.1764705882352941 0.18039215686274507 0.18431372549019609 0.18823529411764706 0.19215686274509802 0.19607843137254902 0.20000000000000007 0.20392156862745098 0.20784313725490194 0.21176470588235291 0.21568627450980393 0.2196078431372549 0.22352941176470587 0.22745098039215686 0.23137254901960783 0.23529411764705882 0.23921568627450979 0.24313725490196078 0.24705882352941178 0.25098039215686274 0.25490196078431371 0.25882352941176467 0.2627450980392157 0.26666666666666672 0.27058823529411763 0.27450980392156865 0.27843137254901962 0.28235294117647058 0.28627450980392155 0.29019607843137252 0.29411764705882354 0.29803921568627445 0.30196078431372547 0.30588235294117649 0.30980392156862746 0.31372549019607843 0.31764705882352939 0.32156862745098036 0.32549019607843138 0.32941176470588235 0.33333333333333331 0.33725490196078434 0.3411764705882353 0.34509803921568627 0.34901960784313724 0.3529411764705882 0.35686274509803922 0.36078431372549019 0.3647058823529411 0.36862745098039218 0.37254901960784315 0.37647058823529411 0.38039215686274508 0.38431372549019605 0.38823529411764707 0.39215686274509803 0.396078431372549 0.40000000000000002 0.40392156862745099 0.40784313725490196 0.41176470588235292 0.41568627450980389 0.41960784313725491 0.42352941176470588 0.42745098039215679 0.43137254901960786 0.43529411764705883 0.4392156862745098 0.44313725490196076 0.44705882352941173 0.45098039215686275 0.45490196078431372 0.45882352941176469 0.46274509803921571 0.46666666666666667 0.47058823529411764 0.47450980392156861 0.47843137254901957 0.48235294117647054 0.48627450980392151 0.49019607843137253 0.49411764705882355 0.49803921568627452 0.50196078431372548 0.50588235294117645 0.50980392156862742 0.51372549019607838 0.51764705882352935 0.52156862745098043 0.52549019607843139 0.52941176470588236 0.53333333333333333 0.53725490196078429 0.54117647058823526 0.54509803921568623 0.5490196078431373 0.55294117647058827 0.55686274509803924 0.5607843137254902 0.56470588235294117 0.56862745098039214 0.5725490196078431 0.57647058823529407 0.58039215686274503 0.584313725490196 0.58823529411764708 0.59215686274509793 0.5960784313725489 0.59999999999999998 0.60392156862745083 0.60784313725490191 0.61176470588235299 0.61568627450980395 0.61960784313725492 0.62352941176470589 0.62745098039215685 0.63137254901960782 0.63529411764705879 0.63921568627450975 0.64313725490196072 0.6470588235294118 0.65098039215686276 0.65490196078431373 0.6588235294117647 0.66274509803921566 0.66666666666666663 0.6705882352941176 0.67450980392156867 0.67843137254901964 0.68235294117647061 0.68627450980392157 0.69019607843137254 0.69411764705882351 0.69803921568627447 0.70196078431372544 0.70588235294117641 0.70980392156862748 0.71372549019607834 0.71764705882352942 0.72156862745098027 0.72549019607843124 0.7294117647058822 0.73333333333333317 0.73725490196078436 0.74117647058823533 0.74509803921568629 0.74901960784313726 0.75294117647058822 0.75686274509803919 0.76078431372549016 0.76470588235294112 0.76862745098039209 0.77254901960784317 0.77647058823529413 0.7803921568627451 0.78431372549019629 0.78823529411764726 0.792156862745098 0.79607843137254897 0.80000000000000004 0.80392156862745101 0.80784313725490198 0.81176470588235294 0.81568627450980391 0.81960784313725488 0.82352941176470584 0.82745098039215681 0.83137254901960778 0.83529411764705874 0.83921568627450971 0.84313725490196079 0.84705882352941164 0.85098039215686261 0.85490196078431369 0.85882352941176465 0.86274509803921573 0.8666666666666667 0.87058823529411766 0.87450980392156863 0.8784313725490196 0.88235294117647056 0.88627450980392153 0.8901960784313725 0.89411764705882346 0.89803921568627476 0.90196078431372551 0.90588235294117647 0.90980392156862744 0.9137254901960784 0.91764705882352959 0.92156862745098034 0.92549019607843142 0.92941176470588238 0.93333333333333335 0.93725490196078431 0.94117647058823528 0.94509803921568625 0.94901960784313721 0.95294117647058818 0.95686274509803915 0.96078431372549011 0.96470588235294108 0.96862745098039205 0.97254901960784301 0.97647058823529398 0.98039215686274495 0.98431372549019591 0.9882352941176471 0.99215686274509807 0.99607843137254903 1))

# end of 'Curves' settings
